Shahbagh: 23.7371546 90.396186
Mirpur Model: 23.8043941 90.3630292
Khilkhet: 23.8280947 90.4197168
Rampura: 23.7612585 90.4435486
Daksinkhan: 23.859412 90.426813
Adabar: 23.7709108 90.3592444
Ramna Model: 23.7456715 90.4045948
Hazaribagh: 23.73523909 90.3691369
Gandaria: 23.6995553 90.4210289
Jatrabari: 23.7102737 90.4355408
Uttarkhan: 23.8709286 90.4326622
Banani: 23.7899551 90.4018794
Bhashantek: 23.8064201 90.3880231
Rupnagar: 23.8173654 90.3600966
Wari: 23.71515209 90.4187585
Mugda: 23.7287811 90.4333632
Shah Ali: 23.8054275 90.348875
Tejgaon: 23.7614402 90.3897648
Cantonment: 23.8244643 90.4055876
New Market: 23.7330711 90.3869042
Paltan: 23.7360921 90.41619329
Motijheel: 23.7299638 90.4170537
Dhanmondi: 23.7433038 903815053



